3
--------- Coordinates ---------
1;8;8.62816615E-32;-3.60822483E-16;2.09404098E-01
2;1;-1.97215226E-31;1.48149974E+00;-8.37616393E-01
3;1;-1.81431391E-16;-1.48149974E+00;-8.37616393E-01
--------- Constants ---------
1;1;1;2;2;2;3;3;3
8;8;8;1;1;1;1;1;1
O;O;O;H;H;H;H;H;H
 x1;y1;z1;x2;y2;z2;x3;y3;z3
-1.64542770E-02;-2.54708991E-13;1.60142221E-12;8.22713851E-03;5.47966221E-13;8.85821784E-13;8.22713851E-03;-1.04864019E-14;-1.69199007E-12
-2.54708991E-13;7.43613112E-01;-2.85215185E-11;-1.13640799E-12;-3.71806556E-01;2.68616207E-01;7.68294756E-13;-3.71806556E-01;-2.68616207E-01
1.60142221E-12;-2.85215185E-11;3.84979958E-01;-2.17658745E-12;1.93033237E-01;-1.92489979E-01;1.38171120E-12;-1.93033237E-01;-1.92489979E-01
8.22713851E-03;-1.13640799E-12;-2.17658745E-12;-7.99167272E-03;-9.44132586E-14;5.77755922E-13;-2.35465793E-04;1.37388978E-13;2.47355305E-12
5.47966221E-13;-3.71806556E-01;1.93033237E-01;-9.44132586E-14;4.02401599E-01;-2.30824722E-01;1.37386376E-13;-3.05950427E-02;3.77914855E-02
8.85821784E-13;2.68616207E-01;-1.92489979E-01;5.77755922E-13;-2.30824722E-01;1.87309946E-01;-2.47354961E-12;-3.77914855E-02;5.18003321E-03
8.22713851E-03;7.68294756E-13;1.38171120E-12;-2.35465793E-04;1.37386376E-13;-2.47354961E-12;-7.99167272E-03;-9.50196847E-14;-5.78137039E-13
-1.04864019E-14;-3.71806556E-01;-1.93033237E-01;1.37388978E-13;-3.05950427E-02;-3.77914855E-02;-9.50196847E-14;4.02401599E-01;2.30824722E-01
-1.69199007E-12;-2.68616207E-01;-1.92489979E-01;2.47355305E-12;3.77914855E-02;5.18003321E-03;-5.78137039E-13;2.30824722E-01;1.87309946E-01
