3
--------- Coordinates ---------
1;8;1.38777878E-17;4.16333634E-17;2.25528440E-01
2;1;-4.85722573E-17;1.44274519E+00;-9.02113761E-01
3;1;-5.55111512E-16;-1.44274519E+00;-9.02113761E-01
--------- Constants ---------
1;1;1;2;2;2;3;3;3
8;8;8;1;1;1;1;1;1
O;O;O;H;H;H;H;H;H
x1;y1;z1;x2;y2;z2;x3;y3;z3
2.75600023E-04;-1.85900015E-15;-2.12873610E-15;-1.37800011E-04;-4.93515276E-17;3.98193577E-16;-1.37800011E-04;1.85199349E-15;1.71396778E-15
-1.85900015E-15;6.72304990E-01;-2.18408625E-12;1.21430643E-16;-3.36152495E-01;2.62627352E-01;1.66533454E-15;-3.36152495E-01;-2.62627352E-01
-2.12873610E-15;-2.18408625E-12;4.61208520E-01;2.35922393E-16;1.90603431E-01;-2.30604260E-01;1.94289029E-15;-1.90603431E-01;-2.30604260E-01
-1.37800011E-04;1.21430643E-16;2.35922393E-16;1.54391785E-04;-8.08069432E-17;-2.43349178E-16;-1.65917744E-05;-1.68229214E-17;3.12216344E-18
-4.93515276E-17;-3.36152495E-01;1.90603431E-01;-8.08069432E-17;3.66883853E-01;-2.26615392E-01;1.56125113E-16;-3.07313583E-02;3.60119608E-02
3.98193577E-16;2.62627352E-01;-2.30604260E-01;-2.43349178E-16;-2.26615392E-01;2.18021714E-01;-1.69135539E-16;-3.60119608E-02;1.25825461E-02
-1.37800011E-04;1.66533454E-15;1.94289029E-15;-1.65917744E-05;1.56125113E-16;-1.69135539E-16;1.54391785E-04;-1.87586627E-15;-1.75661758E-15
1.85199349E-15;-3.36152495E-01;-1.90603431E-01;-1.68229214E-17;-3.07313583E-02;-3.60119608E-02;-1.87586627E-15;3.66883853E-01;2.26615392E-01
1.71396778E-15;-2.62627352E-01;-2.30604260E-01;3.12216344E-18;3.60119608E-02;1.25825461E-02;-1.75661758E-15;2.26615392E-01;2.18021714E-01
