4
--------- Coordinates ---------
1;8;-1.36969307E+00;-2.24938068E-01;-9.94598258E-02
2;1;-1.89980719E+00;1.29743442E+00;7.95616478E-01
3;8;1.36971436E+00;2.24949076E-01;-9.94401167E-02
4;1;1.89963683E+00;-1.29752249E+00;7.95583062E-01
--------- Constants ---------
1;1;1;2;2;2;3;3;3;4;4;4
8;8;8;1;1;1;8;8;8;1;1;1
O;O;O;H;H;H;O;O;O;H;H;H
x1;y1;z1;x2;y2;z2;x3;y3;z3;x4;y4;z4
3.32150539E-01;-9.22159010E-02;-5.05061870E-02;-6.03063584E-02;1.22553288E-01;6.93393158E-02;-2.35911656E-01;-9.09875539E-03;-2.30385331E-02;-3.59325245E-02;-2.12386314E-02;4.20540435E-03
-9.22159010E-02;4.04049402E-01;2.12044781E-01;6.66870519E-02;-3.55666103E-01;-2.05947096E-01;-9.10027757E-03;-5.64146256E-02;-2.72540248E-03;3.46291267E-02;8.03132577E-03;-3.37228219E-03
-5.05061870E-02;2.12044781E-01;1.36047624E-01;4.35181583E-02;-2.07530470E-01;-1.21408964E-01;2.30297719E-02;2.71415138E-03;-1.52187099E-02;-1.60417432E-02;-7.22846209E-03;5.80050801E-04
-6.03063584E-02;6.66870519E-02;4.35181583E-02;1.03115243E-01;-1.01210540E-01;-6.23452807E-02;-3.59193127E-02;3.46268985E-02;1.60419338E-02;-6.88957152E-03;-1.03410260E-04;2.78518854E-03
1.22553288E-01;-3.55666103E-01;-2.07530470E-01;-1.01210540E-01;3.47958059E-01;2.01433893E-01;-2.12393916E-02;8.03361047E-03;7.23285389E-03;-1.03356082E-04;-3.25566750E-04;-1.13627698E-03
6.93393158E-02;-2.05947096E-01;-1.21408964E-01;-6.23452807E-02;2.01433893E-01;1.19729869E-01;-4.20795222E-03;3.37735171E-03;5.78336719E-04;-2.78608293E-03;1.13585124E-03;1.10075868E-03
-2.35911656E-01;-9.10027757E-03;2.30297719E-02;-3.59193127E-02;-2.12393916E-02;-4.20795222E-03;3.32106717E-01;-9.21868931E-02;5.04915291E-02;-6.02757486E-02;1.22526562E-01;-6.93133487E-02
-9.09875539E-03;-5.64146256E-02;2.71415138E-03;3.46268985E-02;8.03361047E-03;3.37735171E-03;-9.21868931E-02;4.04081201E-01;-2.12030744E-01;6.66587500E-02;-3.55700186E-01;2.05939241E-01
-2.30385331E-02;-2.72540248E-03;-1.52187099E-02;1.60419338E-02;7.23285389E-03;5.78336719E-04;5.04915291E-02;-2.12030744E-01;1.36036584E-01;-4.34949297E-02;2.07523293E-01;-1.21396211E-01
-3.59325245E-02;3.46291267E-02;-1.60417432E-02;-6.88957152E-03;-1.03356082E-04;-2.78608293E-03;-6.02757486E-02;6.66587500E-02;-4.34949297E-02;1.03097845E-01;-1.01184521E-01;6.23227558E-02
-2.12386314E-02;8.03132577E-03;-7.22846209E-03;-1.03410260E-04;-3.25566750E-04;1.13585124E-03;1.22526562E-01;-3.55700186E-01;2.07523293E-01;-1.01184521E-01;3.47994427E-01;-2.01430682E-01
4.20540435E-03;-3.37228219E-03;5.80050801E-04;2.78518854E-03;-1.13627698E-03;1.10075868E-03;-6.93133487E-02;2.05939241E-01;-1.21396211E-01;6.23227558E-02;-2.01430682E-01;1.19715402E-01
